0 0.097412 0.061922 0.097967 0.086876
0 0.146396 0.796673 0.199630 0.343808
0 0.435675 0.783734 0.190388 0.303142
0 0.704621 0.817006 0.158965 0.236599
0 0.936414 0.829020 0.127172 0.216266
0 0.212939 0.504621 0.121996 0.158965
0 0.394085 0.418669 0.129390 0.179298
0 0.669501 0.386322 0.096118 0.144177
0 0.519778 0.256932 0.121996 0.144177
0 0.367283 0.241220 0.086876 0.134935
0 0.180591 0.279113 0.109057 0.144177
0 0.353420 0.142329 0.085028 0.129390
0 0.544732 0.141405 0.079482 0.064695
0 0.474492 0.094270 0.083179 0.121996
0 0.602957 0.621072 0.170055 0.214418
0 0.147320 0.129390 0.086876 0.118299