0 0.586322 0.855823 0.129390 0.266174
0 0.455083 0.426987 0.048059 0.103512
0 0.508688 0.468577 0.062847 0.123845
0 0.075231 0.679298 0.105360 0.164510
0 0.221257 0.405730 0.072089 0.060998
0 0.206469 0.477819 0.094270 0.064695
0 0.187985 0.315157 0.068392 0.060998
0 0.350647 0.289279 0.053604 0.064695
0 0.579852 0.301294 0.053604 0.081331
0 0.868207 0.402033 0.060998 0.086876
0 0.798891 0.329945 0.059150 0.060998
0 0.498521 0.261553 0.046211 0.090573
3 0.799815 0.660813 0.149723 0.316081
3 0.648244 0.303142 0.049908 0.129390
3 0.725878 0.364140 0.057301 0.140481
4 0.605730 0.591497 0.057301 0.170055
4 0.858041 0.317006 0.044362 0.053604
4 0.174122 0.264325 0.051756 0.048059
2 0.600185 0.394640 0.031423 0.060998
2 0.593715 0.458410 0.048059 0.051756
3 0.203697 0.613678 0.136784 0.184843
1 0.081516 0.400185 0.163031 0.212569