4 0.883919 0.631238 0.125693 0.268022
4 0.376525 0.288355 0.068392 0.177449
4 0.449538 0.253235 0.040665 0.129390
4 0.496673 0.266174 0.027726 0.110906
4 0.535490 0.253235 0.038817 0.099815
4 0.648244 0.381701 0.072089 0.182994
4 0.733272 0.414048 0.046211 0.140481
4 0.821996 0.488909 0.072089 0.160813
4 0.252680 0.254159 0.042514 0.112754
4 0.303512 0.189464 0.044362 0.101664
4 0.224030 0.191312 0.033272 0.094270
2 0.125139 0.378004 0.049908 0.190388
2 0.158410 0.254159 0.035120 0.105360
0 0.574307 0.680222 0.245841 0.406654
0 0.271164 0.496303 0.146026 0.286506
0 0.113124 0.194085 0.059150 0.085028