0 0.458333 0.611772 0.234127 0.414021
0 0.875000 0.768519 0.244709 0.462962
0 0.428571 0.330026 0.116402 0.197090
0 0.337302 0.233466 0.082011 0.125661
0 0.241402 0.307540 0.107143 0.152116
0 0.189815 0.239418 0.078042 0.148148
0 0.791667 0.419312 0.104497 0.177249
4 0.605820 0.482143 0.150794 0.313492
4 0.707672 0.396164 0.119048 0.236772
4 0.613095 0.290344 0.091270 0.133598
0 0.507937 0.292989 0.111111 0.136243
1 0.392857 0.166667 0.124339 0.132275
3 0.270503 0.134259 0.104497 0.125661
2 0.702381 0.503307 0.087302 0.236772
2 0.824074 0.397487 0.066138 0.149471
2 0.593254 0.283730 0.043651 0.115079
2 0.708333 0.287037 0.056878 0.084656