3 0.351190 0.547619 0.562169 0.690476
2 0.804233 0.290344 0.031746 0.138889
2 0.675265 0.225529 0.043651 0.109788
2 0.779762 0.183201 0.027778 0.083333
2 0.848545 0.143519 0.022487 0.054233
2 0.360450 0.288360 0.054233 0.097884
2 0.613757 0.169312 0.039683 0.071429
2 0.694444 0.125661 0.018519 0.042328
2 0.751984 0.148148 0.025132 0.074074
0 0.693783 0.193122 0.083333 0.089947
0 0.173942 0.436508 0.157407 0.105820
0 0.568122 0.164683 0.048942 0.072751
0 0.642196 0.127646 0.046296 0.048942
0 0.767857 0.115079 0.046296 0.052910
0 0.820106 0.113757 0.026455 0.055556