0 0.201058 0.615741 0.253968 0.244709
0 0.775794 0.234788 0.144180 0.160053
0 0.581349 0.215608 0.138889 0.103175
0 0.748677 0.155423 0.111111 0.085979
0 0.841270 0.087963 0.055556 0.062169
2 0.425926 0.273810 0.071429 0.105820
0 0.129630 0.452381 0.185185 0.113757
0 0.066138 0.647487 0.119048 0.215608
2 0.505291 0.222884 0.050265 0.128307
0 0.667989 0.094577 0.087302 0.059524
0 0.569444 0.120370 0.075397 0.071429
2 0.449074 0.199735 0.051587 0.084656
2 0.905423 0.080688 0.025132 0.066138
2 0.744048 0.074074 0.035714 0.055556
2 0.803571 0.092593 0.019841 0.066138