3 0.179667 0.683919 0.218115 0.354898
3 0.343253 0.440850 0.079482 0.164510
3 0.864510 0.399261 0.075786 0.118299
4 0.431978 0.877079 0.097967 0.242144
0 0.578928 0.897412 0.140481 0.205176
0 0.512384 0.447320 0.062847 0.088725
0 0.147320 0.464880 0.072089 0.064695
0 0.217560 0.380776 0.049908 0.073937
0 0.672274 0.383549 0.068392 0.072089
0 0.759150 0.326248 0.060998 0.060998
0 0.489279 0.330869 0.057301 0.055453
0 0.425508 0.361368 0.048059 0.072089
2 0.618669 0.717190 0.072089 0.140481
2 0.458780 0.422366 0.029575 0.079482
0 0.749908 0.440850 0.079482 0.112754